# This file is called   force.dat
# Force-Deflection data for a beam and a bar
# Deflection    Col-Force       Beam-Force
58.842809157159884 209.5640008918771 100 50 5
27.21098345254421 53.55859731234943 100 22 50
497.97494033658177 461.2193126024863 100 21 75
317.418111479367 224.15167055989488 100 44 24
43.87990892768099 1.1334804977006598 100 67 244
489.64684989879277 0.29621661419801626 100 120 456
277.6341785853705 402.14516337468825 100 345 276
486.38353042337684 61.4941510464776 100
32.26172588163459 233.3350253182786 100
342.9895689988935 283.62933267674504 100
114.67418544278132 448.26132832368376 100
26.74936818831612 75.13857879721093 100
63.58256236956123 235.3066511560466 100
45.44610244788796 23.628317208660235 100
321.751783327051 443.619976167922 100
351.6915859795753 213.2351104029576 100
424.5375614869635 411.29794554613403 100
290.04860964160224 340.81815878365785 100
381.236962193331 485.38688042403487 100
393.8372052826761 198.13180326518287 100
489.66515760173155 37.2731348640408 100
74.6020297399105 372.6950953366651 100
294.8020130145235 39.60233614596046 100
296.0090055968066 81.73898811342048 100
171.44120536199452 423.9732663229663 100
75.77726468580212 233.5656046641664 100
108.11038325229656 390.14752059736117 100
109.50714959737687 362.43059100500165 100
